#include <cmath>
#include <vector>
#include "ortools/base/logging.h"
#include "ortools/constraint_solver/routing.h"

using namespace operations_research;

namespace br2c
{
    // in miliseconds
    const int SEARCH_TIME_LIMIT = 120000;
    
    class DataDefinition
    {
        private: std::vector<std::string> names_ =
        {
            "Vilnius","Kaunas","Klaipėda","Šiauliai","Panevėžys","Alytus","Marijampolė","Mažeikiai","Jonava","Utena","Kėdainiai","Tauragė","Telšiai","Ukmergė","Visaginas","Plungė","Kretinga","Palanga","Radviliškis","Šilutė","Gargždai","Druskininkai","Rokiškis","Elektrėnai","Kuršėnai","Grigiškės","Biržai","Garliava","Lentvaris","Jurbarkas","Raseiniai","Vilkaviškis","Anykščiai","Prienai","Joniškis","Varėna","Kelmė","Kaišiadorys","Naujoji Akmenė","Šalčininkai","Pasvalys","Zarasai","Kupiškis","Kazlų Rūda","Širvintos","Molėtai","Pabradė","Skuodas","Šakiai","Ignalina","Švenčionėliai","Šilalė","Kybartai","Vievis","Nemenčinė","Pakruojis","Trakai","Švenčionys","Kalvarija","Lazdijai","Neringa","Žiežmariai","Rietavas","Eišiškės","Ariogala","Šeduva","Birštonas","Akmenė","Venta","Rūdiškės","Vilkija","Tytuvėnai","Viekšniai","Ežerėlis","Gelgaudiškis","Pagėgiai","Kudirkos Naumiestis","Skaudvilė","Ramygala","Žagarė","Salantai","Linkuva","Simnas","Priekulė","Veisiejai","Baltoji Vokė","Joniškėlis","Jieznas","Varniai","Daugai","Seda","Subačius","Virbalis","Vabalninkas","Obeliai","Dūkštas","Pandėlys","Užventis","Dusetos","Kavarskas","Smalininkai","Troškūnai","Panemunė"
        };
        
        private: std::vector<std::vector<int64>> distanceMatrix_ =
        {
            {0,1030,3070,2130,1370,1040,1370,3000,921,974,1260,2270,2830,731,1500,2860,3120,3300,1910,2840,2920,1290,1590,479,2480,142,2020,1170,207,1870,1780,1610,1080,969,2290,829,2100,665,2730,458,1750,1460,1540,1360,506,646,473,3350,1620,1100,960,2370,2000,367,246,1840,274,846,1550,1520,3350,623,2620,699,1470,1770,926,2790,2770,381,1300,1940,2880,1260,1770,2460,1810,2110,1220,2570,3130,1970,1320,3050,1390,321,1760,798,2520,886,3150,1400,1750,1710,1580,1370,1810,2370,1340,948,1970,1160,2470},
            {1030,0,2150,1440,1090,705,616,2250,320,1340,526,1280,1910,704,2060,1940,2200,2380,1230,1840,1990,1300,1730,572,1610,902,1740,100,913,875,855,830,1120,388,1800,1190,1180,460,2040,1420,1470,1830,1560,410,872,1130,1450,2430,617,1710,1640,1450,991,716,1260,1410,864,1740,844,1050,2430,436,1700,1550,545,1090,461,2000,1940,920,308,1020,1990,263,769,1460,857,1190,822,2070,2210,1560,819,2130,1170,1180,1480,596,1600,926,2250,1360,960,1480,1840,1960,1850,1440,1710,952,979,1160,1480},
            {3070,2150,0,1590,2400,2770,2390,1160,2310,3260,2060,1100,906,2640,3980,579,256,301,1820,504,196,3290,3280,2610,1320,2940,2750,2230,2950,1490,1380,2220,2900,2450,2100,3360,1310,2490,1610,3460,2450,3740,2860,2240,2860,3050,3480,780,1790,3630,3560,791,2150,2750,3300,1990,2900,3680,2540,2860,306,2470,531,3580,1630,2050,2520,1410,1400,3050,1880,1480,1270,2280,1640,895,1970,1070,2250,1810,572,2370,2730,228,3050,3220,2370,2690,854,3100,940,2690,2180,2730,3390,3880,3170,1120,3630,2730,1320,2770,962},
            {2130,1440,1590,0,793,2060,1970,806,1260,1810,939,1030,724,1430,2440,1020,1380,1480,226,1550,1410,2770,1650,1910,278,2190,1010,1530,2250,1160,717,1890,1380,1750,389,2660,509,1800,604,2600,720,2190,1240,1780,1680,1820,2240,1340,1420,2320,2330,1000,1850,2040,2200,378,2200,2440,2170,2410,1860,1770,1080,2760,915,388,1820,627,574,2350,1200,449,681,1620,1320,1380,1660,841,973,634,1200,575,2180,1630,2520,2420,573,1950,757,2400,950,1090,1860,996,1790,2470,1400,539,1920,1330,1350,1190,1400},
            {1370,1090,2400,793,0,1720,1630,1600,886,1030,638,1630,1510,690,1670,1810,2260,2360,584,2260,2270,2420,897,1410,1070,1450,671,1180,1520,1530,1030,1840,616,1400,950,2040,1090,1410,1390,1860,399,1420,486,1430,937,1080,1500,2200,1630,1550,1570,1690,2010,1300,1460,505,1460,1680,1860,2070,2670,1430,1820,2020,967,432,1470,1440,1360,1630,1020,906,1470,1280,1660,1990,1870,1430,273,1230,2060,571,1830,2370,2180,1680,384,1610,1490,1960,1740,294,1980,408,1010,1700,768,1270,1240,563,1620,425,2010},
            {1040,705,2770,2060,1720,0,558,2950,932,2040,1160,1850,2540,1390,2530,2570,2830,3010,1860,2410,2620,582,2410,758,2240,1000,2370,552,900,1410,1490,801,1790,324,2430,464,1810,644,3010,1090,2100,2520,2190,696,1280,1710,1500,3060,1060,2130,1990,2080,969,902,1280,2050,747,1880,590,453,3060,597,2330,804,1180,1720,359,2630,2570,591,922,1650,2620,832,1230,2000,998,1820,1470,3040,2840,2190,279,2670,503,783,2110,283,2230,212,2880,2020,939,2110,2520,2400,2490,2080,2400,1630,1510,1860,2010},
            {1370,616,2390,1970,1630,558,0,2500,890,1960,1070,1260,2090,1320,2680,2180,2440,2620,1770,1820,2230,903,2350,1080,2010,1410,2290,464,1230,853,1330,243,1740,414,2350,1040,1590,970,2620,1660,2020,2450,2100,263,1490,1750,1830,2670,577,2330,2260,1560,412,1230,1600,1960,1100,2200,185,439,2670,923,1940,1370,1090,1640,475,2400,2340,1060,730,1570,2290,691,747,1440,440,1250,1380,2650,2450,2100,349,2080,616,1350,2030,609,1780,779,2490,1930,381,2020,2450,2580,2410,1750,2330,1570,957,1810,1460},
            {3000,2250,1160,806,1600,2950,2500,0,2080,2640,1750,1370,398,2250,3270,598,956,1060,1040,1430,989,3580,2480,2720,578,3080,1850,2420,3130,1660,1330,2390,2270,2630,984,3480,982,2610,501,3490,1550,3020,2080,2360,2570,2700,3120,539,1910,3160,3180,1070,2340,2930,3080,1210,3090,3290,2660,2980,1430,2590,776,3650,1610,1200,2710,295,287,3230,1920,1190,154,2400,1820,1630,2150,1260,1790,698,686,1300,2850,1200,3170,3310,1410,2810,723,3210,270,1910,2360,1830,2620,3300,2190,705,2850,2280,1690,2000,1680},
            {921,320,2310,1260,886,932,890,2080,0,1020,347,1550,1990,381,1730,2100,2360,2540,1050,2170,2150,1590,1410,541,1540,872,1530,427,882,1180,1020,1140,801,701,1620,1410,1340,428,1860,1390,1260,1510,1260,722,549,803,1190,2660,930,1390,1320,1650,1300,685,996,1240,833,1420,1160,1370,2670,475,1900,1430,658,911,774,1910,1840,887,617,1060,1940,576,1080,1860,1110,1350,565,1890,2440,1380,1050,2260,1480,1150,1270,795,1800,1190,2270,1040,1280,1260,1510,1640,1530,1650,1390,629,1290,870,1880},
            {974,1340,3260,1810,1030,2040,1960,2640,1020,0,1210,2560,2540,650,628,2840,3190,3300,1600,3170,3100,2240,611,1290,2090,1090,1090,1500,1160,2150,1960,2160,389,1720,1750,1780,2110,1390,2340,1450,1090,486,595,1750,810,367,753,3150,1950,527,551,2560,2330,1180,883,1460,1220,657,2180,2390,3540,1430,2810,1650,1570,1460,1870,2400,2390,1330,1620,1930,2490,1590,2100,2740,2190,2300,1070,2030,3020,1400,2150,3230,2340,1310,1260,1750,2560,1830,2760,776,2300,814,598,620,840,2350,349,490,2260,570,2760},
            {1260,526,2060,939,638,1160,1070,1750,347,1210,0,1300,1660,589,1930,1850,2110,2290,719,1920,1900,1740,1520,992,1210,1320,1270,614,1330,953,646,1270,995,831,1300,1630,1090,879,1530,1840,1000,1700,1110,863,878,1010,1430,2340,1060,1590,1520,1360,1440,1140,1320,907,1180,1630,1290,1500,2340,856,1610,1970,364,582,904,1560,1510,1320,421,728,1610,706,1090,1540,1300,1100,386,1560,2110,1050,1260,2030,1610,1600,947,1040,1510,1370,1880,893,1410,1010,1640,1830,1410,1350,1580,824,1060,818,1560},
            {2270,1280,1100,1030,1630,1850,1260,1370,1550,2560,1300,0,951,1870,3270,888,1150,1300,1170,624,946,2150,2570,1820,1030,2150,2110,1310,2160,402,606,1100,2190,1520,1440,2320,604,1710,1570,2660,1810,3040,2160,1110,2150,2350,2700,1380,662,2940,2870,312,1090,1960,2530,1470,2110,2970,1390,1700,1350,1680,649,2790,863,1260,1590,1410,1360,2260,973,774,1300,1150,565,314,900,266,1480,1660,1150,1670,1600,868,1920,2420,1670,1930,641,2050,1200,1990,1100,2090,2690,3180,2470,760,2930,2100,391,2070,327},
            {2830,1910,906,724,1510,2540,2090,398,1990,2540,1660,951,0,2160,3180,341,699,803,957,1170,732,3000,2390,2380,460,2710,1760,2010,2720,1250,982,1980,2180,2220,1090,3140,666,2270,853,3230,1470,2940,1990,1950,2480,2610,3040,665,1500,3070,3100,655,1930,2530,2990,1130,2670,3200,2250,2560,1180,2250,487,3360,1260,1120,2300,644,635,2820,1570,836,506,1990,1410,1260,1740,846,1700,1050,516,1300,2440,944,2760,2990,1320,2470,312,2870,269,1830,1950,1740,2530,3210,2150,389,2770,2200,1270,1920,1270},
            {731,704,2640,1430,690,1390,1320,2250,381,650,589,1870,2160,0,1360,2420,2680,2860,1210,2490,2470,1960,1060,762,1780,801,1320,864,867,1530,1330,1520,423,1080,1590,1390,1660,756,2040,1210,1050,1130,885,1110,278,423,846,2840,1310,1010,936,1930,1690,650,811,1140,813,1040,1540,1750,2910,803,2180,1370,936,1070,1150,2090,2070,980,993,1310,2110,956,1460,2160,1550,1670,523,1870,2680,1280,1510,2600,1860,1030,1060,1120,2080,1440,2450,681,1660,1060,1130,1260,1150,1910,1010,252,1630,462,2170},
            {1500,2060,3980,2440,1670,2530,2680,3270,1730,628,1930,3270,3180,1360,0,3470,3820,3930,2230,3920,3820,2790,836,1890,2720,1640,1450,2220,1700,2870,2670,2880,1100,2440,2380,2320,2740,2080,2970,1930,1720,246,1230,2470,1420,971,1030,3780,2660,413,671,3280,3050,1780,1280,2090,1770,652,2890,3020,4260,2040,3530,2190,2280,2090,2420,3030,3020,1880,2340,2560,3120,2310,2820,3460,2900,3020,1790,2630,3650,2030,2850,3950,2880,1860,1890,2290,3140,2380,3390,1430,3020,1440,662,139,1070,2930,573,1210,2970,1290,3470},
            {2860,1940,579,1020,1810,2570,2180,598,2100,2840,1850,888,341,2420,3470,0,436,541,1260,848,403,3080,2690,2410,759,2740,2060,2030,2750,1280,1180,2070,2480,2250,1390,3160,1020,2300,1050,3260,1770,3240,2290,2040,2650,2860,3280,500,1590,3370,3370,591,2020,2550,3120,1430,2700,3480,2340,2650,848,2270,243,3390,1430,1420,2320,847,840,2850,1680,1120,706,2080,1440,1090,1830,877,2000,1250,274,1620,2530,615,2850,3020,1620,2500,462,2900,379,2120,2030,2040,2830,3520,2400,679,3070,2490,1270,2290,1200},
            {3120,2200,256,1380,2260,2830,2440,956,2360,3190,2110,1150,699,2680,3820,436,0,135,1620,711,249,3350,3060,2670,1120,3000,2420,2290,3010,1540,1440,2280,2960,2510,1750,3430,1370,2560,1420,3520,2130,3600,2650,2300,2910,3120,3540,535,1850,3700,3630,855,2230,2810,3360,1790,2960,3740,2600,2910,578,2530,595,3650,1690,1780,2580,1210,1200,3110,1940,1540,1070,2340,1710,1080,2040,1130,2370,1610,328,1960,2790,435,3110,3280,1980,2760,874,3160,741,2490,2250,2410,3200,3880,2810,1100,3440,2780,1530,2660,1160},
            {3300,2380,301,1480,2360,3010,2620,1060,2540,3300,2290,1300,803,2860,3930,541,135,0,1710,741,370,3510,3150,2840,1220,3170,2520,2460,3180,1690,1600,2450,3120,2680,1850,3590,1460,2730,1510,3690,2230,3690,2750,2470,3080,3280,3710,563,2020,3830,3800,1020,2400,2980,3530,1880,3130,3900,2770,3080,606,2700,716,3810,1860,1880,2750,1310,1300,3280,2110,1630,1160,2510,1880,1110,2210,1310,2460,1710,419,2060,2960,463,3280,3450,2080,2930,970,3330,837,2580,2420,2500,3290,3970,2910,1200,3530,2950,1560,2750,1200},
            {1910,1230,1820,226,584,1860,1770,1040,1050,1600,719,1170,957,1210,2230,1260,1620,1710,0,1780,1640,2550,1470,1690,501,1970,941,1310,2030,1170,668,1880,1160,1530,586,2450,590,1580,819,2380,647,1980,1050,1560,1460,1600,2030,1560,1400,2120,2120,1180,1830,1820,1980,305,1980,2220,1990,2200,2080,1550,1250,2540,866,171,1600,850,797,2130,1120,413,904,1400,1310,1550,1640,989,668,851,1420,503,1960,1850,2310,2200,501,1740,922,2070,1170,878,1850,924,1580,2260,1330,705,1720,1110,1270,970,1560},
            {2840,1840,504,1550,2260,2410,1820,1430,2170,3170,1920,624,1170,2490,3920,848,711,741,1780,0,499,2720,3230,2380,1420,2710,2760,1870,2720,969,1250,1570,2990,2080,2090,2890,1260,2270,1880,3230,2350,3610,2820,1680,2800,3010,3430,1190,1230,3590,3520,569,1660,2530,3100,2010,2680,3630,1980,2270,799,2250,657,3500,1490,1920,2160,1680,1670,2820,1540,1430,1540,1720,1130,405,1470,881,2110,2040,962,2200,2170,273,2470,2990,2200,2290,893,2620,1210,2540,1670,2740,3340,3830,3120,1070,3580,2820,832,2630,472},
            {2920,1990,196,1410,2270,2620,2230,989,2150,3100,1900,946,732,2470,3820,403,249,370,1640,499,0,3130,3120,2450,1150,2780,2590,2070,2790,1330,1220,2060,2740,2290,1930,3210,1150,2340,1440,3300,2360,3590,2710,2080,2690,2900,3320,708,1630,3480,3410,636,2010,2600,3140,1820,2740,3520,2380,2690,486,2320,365,3430,1470,1890,2360,1240,1230,2890,1720,1320,1100,2120,1490,832,1820,915,2090,1640,476,2010,2570,266,2890,3060,2010,2540,698,2940,769,2530,2030,2430,3230,3720,2840,958,3470,2570,1310,2610,945},
            {1290,1300,3290,2770,2420,582,903,3580,1590,2240,1740,2150,3000,1960,2790,3080,3350,3510,2550,2720,3130,0,2850,1260,2890,1240,3030,1090,1170,1760,2080,1150,2340,864,3090,573,2460,1150,3320,1230,2750,2720,2800,1110,1640,1910,1750,3580,1480,2380,2240,2470,1310,1250,1530,2700,1060,2130,873,479,3580,1110,2850,886,1770,2370,869,3280,3230,917,1510,2240,3270,1370,1650,2350,1340,2150,2060,3350,3350,2840,543,2980,280,981,2770,794,2690,647,3400,2540,1280,2760,2850,2650,3070,2650,2610,2130,1860,2370,2360},
            {1590,1730,3280,1650,897,2410,2350,2480,1410,611,1520,2570,2390,1060,836,2690,3060,3150,1470,3230,3120,2850,0,1760,1930,1710,630,2050,1770,2400,1900,2710,614,2110,1580,2390,1970,1780,2120,2060,928,589,458,2140,1280,985,1370,2990,2500,1140,1180,2580,2720,1650,1500,1300,1810,1290,2560,2770,3560,1830,2730,2260,1870,1320,2350,2180,2230,1950,1930,1790,2330,1980,2490,2880,2580,2320,1140,1810,2850,1230,2540,3250,2950,1930,1100,2150,2400,2450,2600,658,2690,611,187,868,245,2180,415,779,2510,781,2890},
            {479,572,2610,1910,1410,758,1080,2720,541,1290,992,1820,2380,762,1890,2410,2670,2840,1690,2380,2450,1260,1760,0,2080,348,2060,641,358,1420,1330,1340,1160,703,2280,794,1650,217,2510,866,1790,1780,1620,971,544,967,900,2910,1170,1520,1390,1930,1510,161,704,1880,309,1270,1290,1220,2910,169,2180,949,1020,1460,660,2470,2420,390,855,1490,2460,814,1320,2010,1410,1670,1180,2540,2680,2020,1050,2600,1270,627,1800,514,2080,694,2730,1440,1480,1750,1870,1780,1890,1920,1660,990,1530,1200,2030},
            {2480,1610,1320,278,1070,2240,2010,578,1540,2090,1210,1030,460,1780,2720,759,1120,1220,501,1420,1150,2890,1930,2080,0,2410,1320,1700,2420,1170,766,1760,1660,1920,648,2830,450,1970,535,2890,1020,2490,1550,1870,1960,2100,2530,1080,1420,2630,2650,876,1850,2220,2470,680,2370,2700,2170,2480,1590,1940,866,3050,1050,673,1990,398,345,2520,1350,620,452,1790,1330,1330,1660,769,1260,626,939,855,2350,1360,2680,2690,876,2130,540,2570,688,1380,1860,1300,2090,2770,1700,353,2330,1660,1270,1470,1340},
            {142,902,2940,2190,1450,1000,1410,3080,872,1090,1320,2150,2710,801,1640,2740,3000,3170,1970,2710,2780,1240,1710,348,2410,0,2080,1040,80,1740,1650,1660,1210,932,2380,800,1970,538,2820,544,1840,1600,1670,1290,594,790,636,3230,1490,1260,1120,2250,1740,240,409,1930,245,1010,1610,1500,3230,495,2500,670,1340,1860,889,2790,2740,352,1180,1820,2780,1130,1640,2330,1730,1990,1310,2660,3000,2060,1280,2920,1360,305,1840,761,2400,858,3050,1480,1710,1800,1730,1530,1940,2240,1490,1040,1850,1250,2350},
            {2020,1740,2750,1010,671,2370,2290,1850,1530,1090,1270,2110,1760,1320,1450,2060,2420,2520,941,2760,2590,3030,630,2060,1320,2080,0,1890,2170,2080,1580,2550,988,2050,950,2750,1520,2100,1490,2560,298,1200,511,2080,1590,1430,1820,2360,2280,1610,1640,2080,2660,1960,1940,666,2120,1740,2510,2720,3080,2070,2100,2670,1630,914,2130,1550,1600,2330,1680,1340,1700,1920,2220,2400,2310,1840,921,1180,2220,596,2480,2710,2830,2330,470,2300,1770,2720,1970,548,2690,282,801,1480,381,1560,1030,1120,2180,797,2410},
            {1170,100,2230,1530,1180,552,464,2420,427,1500,614,1310,2010,864,2220,2030,2290,2460,1310,1870,2070,1090,2050,641,1700,1040,1890,0,964,909,946,656,1290,241,1890,1030,1270,510,2470,1550,1560,1990,1650,283,1230,1290,1590,2520,651,1870,1800,1540,841,848,1420,1510,914,1880,650,904,2520,487,1790,1360,636,1180,314,2090,2030,895,382,1110,2080,292,803,1500,850,1280,926,2500,2300,1650,672,2130,1020,1310,1570,449,1690,765,2350,1480,811,1570,2000,2130,1950,1540,1880,1120,1010,1360,1510},
            {207,913,2950,2250,1520,900,1230,3130,882,1160,1330,2160,2720,867,1700,2750,3010,3180,2030,2720,2790,1170,1770,358,2420,80,2170,964,0,1760,1660,1470,1260,829,2430,709,1990,553,2850,570,1890,1660,1720,1230,645,841,687,3240,1500,1310,1170,2260,1640,255,447,1980,101,1060,1410,1320,3240,510,2510,596,1350,1900,785,2810,2750,262,1190,1830,2800,1150,1660,2350,1680,2000,1360,2710,3020,2110,1180,2940,1270,331,1900,658,2410,758,3060,1500,1610,1850,1780,1580,1990,2250,1540,1090,1860,1300,2360},
            {1870,875,1490,1160,1530,1410,853,1660,1180,2150,953,402,1250,1530,2870,1280,1540,1690,1170,969,1330,1760,2400,1420,1170,1740,2080,909,1760,0,508,703,1940,1120,1580,1920,745,1300,1780,2260,1780,2640,1990,710,1780,1950,2300,1770,263,2540,2460,705,691,1560,2130,1500,1710,2670,1010,1320,1750,1280,1100,2390,722,1170,1190,1550,1500,1850,574,785,1440,750,166,593,501,402,1330,1810,1550,1640,1200,1230,1520,2030,1640,1320,936,1640,1530,1800,706,1910,2520,2770,2300,900,2520,1760,108,1900,607},
            {1780,855,1380,717,1030,1490,1330,1330,1020,1960,646,606,982,1330,2670,1180,1440,1600,668,1250,1220,2080,1900,1330,766,1650,1580,946,1660,508,0,1180,1520,1160,1190,1960,337,1210,1310,2170,1280,2420,1490,1190,1560,1770,2190,1660,738,2350,2280,677,1170,1460,2010,967,1610,2390,1490,1800,1660,1180,927,2300,286,674,1230,1150,1100,1760,568,286,1150,1030,642,921,977,393,878,1380,1430,1140,1590,1330,1940,1930,1140,1370,810,1700,1260,1310,1180,1410,2020,2560,1800,602,2260,1350,608,1400,934},
            {1610,830,2220,1890,1840,801,243,2390,1140,2160,1270,1100,1980,1520,2880,2070,2280,2450,1880,1570,2060,1150,2710,1340,1760,1660,2550,656,1470,703,1180,0,1970,656,2310,1290,1480,1210,2510,1900,2240,2670,2330,350,1710,1970,2070,2560,439,2550,2480,1450,190,1470,1850,2180,1350,2450,363,703,2510,1170,1830,1610,1240,1860,717,2280,2100,1300,732,1500,2180,736,594,1290,202,1100,1600,2540,2330,2320,592,1830,863,1590,2250,852,1670,1020,2330,2160,159,2250,2680,2800,2630,1630,2550,1790,807,2030,1310},
            {1080,1120,2900,1380,616,1790,1740,2270,801,389,995,2190,2180,423,1100,2480,2960,3120,1160,2990,2740,2340,614,1160,1660,1210,988,1290,1260,1940,1520,1970,0,1500,1530,1780,1670,1170,1980,1600,982,875,499,1530,677,446,859,2780,1730,899,922,2340,2110,1040,988,1090,1200,1030,1960,2170,3170,1220,2440,1760,1350,1020,1570,2040,2020,1370,1400,1490,2130,1380,1880,2490,1970,1930,649,1820,2650,1220,1930,2870,2280,1420,987,1540,2070,1830,2400,397,2080,718,718,1010,768,1860,654,171,2040,191,2510},
            {969,388,2450,1750,1400,324,414,2630,701,1720,831,1520,2220,1080,2440,2250,2510,2680,1530,2080,2290,864,2110,703,1920,932,2050,241,829,1120,1160,656,1500,0,2120,801,1490,572,2700,1320,1790,2210,1870,395,1210,1510,1430,2750,803,2060,1920,1770,827,829,1210,1730,706,1810,601,707,2750,524,2020,1130,858,1400,76,2310,2260,657,604,1330,2300,515,973,1720,856,1510,1150,2720,2520,1870,443,2350,789,1080,1800,211,1920,536,2570,1700,797,1790,2220,2330,2180,1760,2100,1340,1230,1580,1730},
            {2290,1800,2100,389,950,2430,2350,984,1620,1750,1300,1440,1090,1590,2380,1390,1750,1850,586,2090,1930,3090,1580,2280,648,2380,950,1890,2430,1580,1190,2310,1530,2120,0,2940,866,2160,601,2760,668,2140,1190,2140,1830,1980,2400,1480,1830,2270,2300,1440,2260,2200,2360,372,2360,2400,2560,2770,2340,2130,1440,2920,1360,748,2180,655,718,2510,1640,830,822,1980,1740,1740,2070,1180,1170,288,1560,324,2540,2100,2880,2570,497,2360,1110,2760,1170,1180,2280,945,1610,2420,1190,897,1970,1500,1680,1340,1750},
            {829,1190,3360,2660,2040,464,1040,3480,1410,1780,1630,2320,3140,1390,2320,3160,3430,3590,2450,2890,3210,573,2390,794,2830,800,2750,1030,709,1920,1960,1290,1780,801,2940,0,2350,1040,3210,658,2420,2260,2340,1180,1170,1440,1290,3600,1550,1920,1780,2620,1460,789,1060,2510,593,1660,1050,825,3600,994,2870,329,1660,2200,756,3170,3110,453,1400,2130,3160,1310,1720,2460,1480,2360,1950,3240,3380,2640,736,3300,671,518,2430,681,2770,271,3420,2070,1430,2420,2380,2180,2520,2620,2140,1620,1980,1830,2480},
            {2100,1180,1310,509,1090,1810,1590,982,1340,2110,1090,604,666,1660,2740,1020,1370,1460,590,1260,1150,2460,1970,1650,450,1970,1520,1270,1990,745,337,1480,1670,1490,866,2350,0,1540,997,2500,1230,2490,1560,1450,1900,1970,2540,1340,1000,2560,2630,613,1430,1800,2350,890,1940,2730,1750,2070,1590,1520,751,2630,619,681,1570,836,783,2090,924,194,829,1370,908,912,1240,351,1060,1060,1180,1080,1920,1290,2260,2260,1100,1700,479,2030,947,1390,1450,1520,2090,2770,1870,285,2230,1540,851,1480,925},
            {665,460,2490,1800,1410,644,970,2610,428,1390,879,1710,2270,756,2080,2300,2560,2730,1580,2270,2340,1150,1780,217,1970,538,2100,510,553,1300,1210,1210,1170,572,2160,1040,1540,0,2380,1060,1780,1880,1640,794,738,1160,1090,2780,1040,1710,1580,1800,1380,355,899,1760,504,1470,1150,1090,2780,73,2050,1140,889,1350,527,2340,2290,560,725,1360,2330,684,1190,1880,1280,1540,1060,2410,2550,1900,918,2470,1140,822,1790,381,1950,801,2600,1420,1350,1790,1890,1970,1910,1790,1760,1000,1400,1210,1900},
            {2730,2040,1610,604,1390,3010,2620,501,1860,2340,1530,1570,853,2040,2970,1050,1420,1510,819,1880,1440,3320,2120,2510,535,2820,1490,2470,2850,1780,1310,2510,1980,2700,601,3210,997,2380,0,3190,1230,2690,1750,2440,2260,2400,2830,966,1990,2830,2850,1390,2420,2610,2790,903,2760,2960,2740,3050,1820,2340,1160,3340,1510,951,2570,139,202,2910,1860,1030,307,2230,1900,1900,2230,1340,1540,283,1070,885,2920,1590,3250,3000,1100,2560,1080,2960,658,1680,2440,1500,2290,2970,1840,858,2530,1970,1840,1770,1910},
            {458,1420,3460,2600,1860,1090,1660,3490,1390,1450,1840,2660,3230,1210,1930,3260,3520,3690,2380,3230,3300,1230,2060,866,2890,544,2560,1550,570,2260,2170,1900,1600,1320,2760,658,2500,1060,3190,0,2230,1930,2060,1710,985,1120,906,3750,2010,1530,1390,2770,2070,758,680,2320,624,1280,1660,1480,3750,1010,3010,341,1860,2250,1280,3270,3250,630,1690,2330,3300,1650,2160,2850,2100,2500,1700,3050,3520,2450,1350,3440,1330,326,2240,1150,2920,885,3570,1880,2040,2230,2050,1800,2330,2760,1810,1430,2370,1640,2860},
            {1750,1470,2450,720,399,2100,2020,1550,1260,1090,1000,1810,1470,1050,1720,1770,2130,2230,647,2350,2360,2750,928,1790,1020,1840,298,1560,1890,1780,1280,2240,982,1790,668,2420,1230,1780,1230,2230,0,1490,547,1800,1330,1440,1830,2090,1990,1630,1650,1830,2380,1690,1850,398,1860,1760,2220,2430,2750,1790,1830,2440,1340,645,1840,1340,1330,2050,1400,1080,1430,1640,1950,2130,2240,1570,637,942,1950,340,2200,2440,2540,2070,201,1970,1500,2430,1700,562,2350,299,1090,1770,702,1290,1320,920,1910,781,2140},
            {1460,1830,3740,2190,1420,2520,2450,3020,1510,486,1700,3040,2940,1130,246,3240,3600,3690,1980,3610,3590,2720,589,1780,2490,1600,1200,1990,1660,2640,2420,2670,875,2210,2140,2260,2490,1880,2690,1930,1490,0,979,2240,1300,853,1170,3540,2430,553,811,3050,2820,1660,1370,1840,1710,793,2660,2870,4030,1920,3300,2130,2050,1840,2360,2780,2770,1810,2110,2310,2880,2080,2590,3230,2670,2790,1560,2390,3400,1780,2640,3720,2820,1800,1650,2250,2950,2320,3150,1180,2790,1180,416,279,819,2680,318,976,2740,1060,3240},
            {1540,1560,2860,1240,486,2190,2100,2080,1260,595,1110,2160,1990,885,1230,2290,2650,2750,1050,2820,2710,2800,458,1620,1550,1670,511,1650,1720,1990,1490,2330,499,1870,1190,2340,1560,1640,1750,2060,547,979,0,1910,1140,946,1330,2600,2110,1130,1150,2180,2490,1500,1460,905,1670,1260,2330,2540,3160,1760,2340,2220,1460,924,1950,1840,1830,1830,1510,1400,1940,1750,2150,2480,2350,1920,748,1480,2460,847,2310,2850,2650,1880,708,2080,1980,2410,2210,209,2460,260,556,1240,291,1760,771,635,2110,423,2490},
            {1360,410,2240,1780,1430,696,263,2360,722,1750,863,1110,1950,1110,2470,2040,2300,2470,1560,1680,2080,1110,2140,971,1870,1290,2080,283,1230,710,1190,350,1530,395,2140,1180,1450,794,2440,1710,1800,2240,1910,0,1290,1550,1820,2530,434,2130,2060,1420,532,1110,1600,1760,1100,2200,449,703,2530,770,1800,1510,822,1440,466,2260,2200,1050,555,1370,2150,432,604,1300,540,1110,1180,2510,2300,1900,572,1930,884,1470,1830,601,1640,918,2350,1740,501,1830,2260,2380,2210,1600,2130,1370,815,1610,1310},
            {506,872,2860,1680,937,1280,1490,2570,549,810,878,2150,2480,278,1420,2650,2910,3080,1460,2800,2690,1640,1280,544,1960,594,1590,1230,645,1780,1560,1710,677,1210,1830,1170,1900,738,2260,985,1330,1300,1140,1290,0,476,676,3090,1480,1040,964,2190,2060,428,551,1390,590,1050,1790,1730,3170,684,2440,1150,1200,1320,1170,2340,2320,758,1170,1640,2430,1320,1740,2490,1920,1930,774,2120,2950,1530,1560,2870,1730,771,1310,1020,2340,1220,2700,911,2030,1310,1380,1290,1400,2160,1180,500,1890,710,2510},
            {646,1130,3050,1820,1080,1710,1750,2700,803,367,1010,2350,2610,423,971,2860,3120,3280,1600,3010,2900,1910,985,967,2100,790,1430,1290,841,1950,1770,1970,446,1510,1980,1440,1970,1160,2400,1120,1440,853,946,1550,476,0,445,3230,1730,593,521,2350,2110,851,555,1530,894,627,1960,2140,3330,1110,2600,1320,1360,1460,1550,2480,2460,1000,1420,1730,2570,1380,1880,2580,1970,2160,914,2260,3090,1670,1930,3030,2010,987,1450,1420,2500,1510,2840,833,2080,1140,965,849,1200,2230,736,506,2090,627,2590},
            {473,1450,3480,2240,1500,1500,1830,3120,1190,753,1430,2700,3040,846,1030,3280,3540,3710,2030,3430,3320,1750,1370,900,2530,636,1820,1590,687,2300,2190,2070,859,1430,2400,1290,2540,1090,2830,906,1830,1170,1330,1820,676,445,0,3650,2030,625,422,2780,2250,785,250,1960,743,374,2020,1990,3760,1040,3030,1170,1780,1880,1400,2900,2890,850,1720,2210,2990,1680,2190,2880,2270,2520,1340,2680,3510,2090,1790,3450,1860,812,1870,1270,2930,1360,3260,1250,2220,1540,1360,894,1590,2720,1120,960,2390,1040,2890},
            {3350,2430,780,1340,2200,3060,2670,539,2660,3150,2340,1380,665,2840,3780,500,535,563,1560,1190,708,3580,2990,2910,1080,3230,2360,2520,3240,1770,1660,2560,2780,2750,1480,3600,1340,2780,966,3750,2090,3540,2600,2530,3090,3230,3650,0,2080,3690,3710,1080,2510,3040,3590,1740,3190,3820,2830,3140,1130,2770,734,3880,1920,1730,2810,826,818,3340,2170,1510,685,2570,1940,1540,2320,1370,2320,1230,252,1830,3020,961,3340,3510,1940,2990,918,3390,409,2440,2530,2360,3150,3830,2760,1070,3390,2790,1760,2610,1700},
            {1620,617,1790,1420,1630,1060,577,1910,930,1950,1060,662,1500,1310,2660,1590,1850,2020,1400,1230,1630,1480,2500,1170,1420,1490,2280,651,1500,263,738,439,1730,803,1830,1550,1000,1040,1990,2010,1990,2430,2110,434,1480,1730,2030,2080,0,2330,2260,969,430,1300,1870,1730,1450,2420,737,1050,2090,1020,1350,1930,663,1410,874,1810,1760,1450,397,1020,1700,491,158,854,240,659,1380,2060,1860,1870,925,1490,1200,1770,1870,1010,1190,1340,1910,1930,445,2020,2450,2580,2410,1160,2330,1570,369,1810,868},
            {1100,1710,3630,2320,1550,2130,2330,3160,1390,527,1590,2940,3070,1010,413,3370,3700,3830,2120,3590,3480,2380,1140,1520,2630,1260,1610,1870,1310,2540,2350,2550,899,2060,2270,1920,2560,1710,2830,1530,1630,553,1130,2130,1040,593,625,3690,2330,0,272,2940,2700,1410,866,1970,1360,242,2540,2610,3920,1660,3190,1780,1940,1970,2010,2910,2900,1470,2000,2440,3000,1960,2470,3170,2560,2680,1500,2540,3520,1910,2400,3610,2470,1450,1770,1880,3070,1970,3270,1290,2670,1320,836,281,1370,2860,595,1000,2640,1080,3180},
            {960,1640,3560,2330,1570,1990,2260,3180,1320,551,1520,2870,3100,936,671,3370,3630,3800,2120,3520,3410,2240,1180,1390,2650,1120,1640,1800,1170,2460,2280,2480,922,1920,2300,1780,2630,1580,2850,1390,1650,811,1150,2060,964,521,422,3710,2260,272,0,2870,2630,1270,735,1990,1230,118,2470,2480,3850,1520,3120,1650,1870,1980,1880,2930,2920,1330,1930,2450,3030,1890,2400,3100,2490,2610,1430,2570,3550,1940,2270,3540,2340,1320,1800,1750,3020,1840,3300,1310,2600,1350,1010,548,1400,2820,771,1030,2570,1110,3110},
            {2370,1450,791,1000,1690,2080,1560,1070,1650,2560,1360,312,655,1930,3280,591,855,1020,1180,569,636,2470,2580,1930,876,2250,2080,1540,2260,705,677,1450,2340,1770,1440,2620,613,1800,1390,2770,1830,3050,2180,1420,2190,2350,2780,1080,969,2940,2870,0,1400,2050,2600,1460,2200,2980,1720,2030,1110,1780,352,2890,928,1350,1820,1250,1210,2350,1180,779,1070,1460,868,616,1210,315,1730,1490,856,1680,1910,678,2230,2520,1670,1960,344,2360,904,1990,1420,2090,2690,3180,2470,524,2930,2020,694,2070,629},
            {2000,991,2150,1850,2010,969,412,2340,1300,2330,1440,1090,1930,1690,3050,2020,2230,2400,1830,1660,2010,1310,2720,1510,1850,1740,2660,841,1640,691,1170,190,2110,827,2260,1460,1430,1380,2420,2070,2380,2820,2490,532,2060,2110,2250,2510,430,2700,2630,1400,0,1640,2020,2170,1520,2620,497,810,2470,1330,1790,1870,1100,1840,885,2240,2190,1470,832,1450,2130,855,590,1290,198,1090,1770,2490,2290,2310,760,1920,1010,1850,2300,1020,1630,1240,2340,2320,35,2410,2840,2970,2800,1590,2720,1960,860,2200,1300},
            {367,716,2750,2040,1300,902,1230,2930,685,1180,1140,1960,2530,650,1780,2550,2810,2980,1820,2530,2600,1250,1650,161,2220,240,1960,848,255,1560,1460,1470,1040,829,2200,789,1800,355,2610,758,1690,1660,1500,1110,428,851,785,3040,1300,1410,1270,2050,1640,0,615,1790,220,1180,1370,1310,2990,256,2260,860,1100,1540,704,2550,2500,388,936,1580,2540,894,1400,2090,1490,1750,1180,2520,2760,1930,1130,2680,1350,538,1710,576,2160,731,2810,1350,1560,1660,1780,1690,1800,2000,1570,901,1610,1110,2110},
            {246,1260,3300,2200,1460,1280,1600,3080,996,883,1320,2530,2990,811,1280,3120,3360,3530,1980,3100,3140,1530,1500,704,2470,409,1940,1420,447,2130,2010,1850,988,1210,2360,1060,2350,899,2790,680,1850,1370,1460,1600,551,555,250,3590,1870,866,735,2600,2020,615,0,1920,517,625,1800,1770,3600,846,2870,942,1650,1850,1170,2870,2850,624,1550,2180,2960,1480,2010,2700,2050,2360,1300,2650,3370,2050,1560,3290,1630,609,1840,1040,2770,1130,3230,1480,1990,1710,1490,1140,1710,2610,1250,1030,2220,1210,2720},
            {1840,1410,1990,378,505,2050,1960,1210,1240,1460,907,1470,1130,1140,2090,1430,1790,1880,305,2010,1820,2700,1300,1880,680,1930,666,1510,1980,1500,967,2180,1090,1730,372,2510,890,1760,903,2320,398,1840,905,1760,1390,1530,1960,1740,1730,1970,1990,1460,2170,1790,1920,0,1910,2110,2180,2380,2240,1740,1460,2470,1060,320,1790,977,960,2060,1310,709,1070,1590,1640,1760,1970,1200,729,713,1590,157,2150,2010,2500,2130,227,1930,1140,2370,1340,807,2180,650,1440,2120,1050,919,1680,1100,1600,899,1780},
            {274,864,2900,2200,1460,747,1100,3090,833,1220,1180,2110,2670,813,1770,2700,2960,3130,1980,2680,2740,1060,1810,309,2370,245,2120,914,101,1710,1610,1350,1200,706,2360,593,1940,504,2760,624,1860,1710,1670,1100,590,894,743,3190,1450,1360,1230,2200,1520,220,517,1910,0,1110,1290,1230,3190,461,2460,651,1310,1850,662,2760,2700,179,1140,1780,2750,1100,1610,2300,1540,1950,1310,2660,2970,2060,1050,2890,1150,386,1840,535,2360,643,3010,1480,1480,1790,1830,1630,1940,2210,1590,1040,1810,1250,2310},
            {846,1740,3680,2440,1680,1880,2200,3290,1420,657,1630,2970,3200,1040,652,3480,3740,3900,2220,3630,3520,2130,1290,1270,2700,1010,1740,1880,1060,2670,2390,2450,1030,1810,2400,1660,2730,1470,2960,1280,1760,793,1260,2200,1050,627,374,3820,2420,242,118,2980,2620,1180,625,2110,1110,0,2400,2370,3950,1410,3220,1540,1980,2080,1770,3040,3030,1220,2030,2560,3130,2050,2560,3250,2650,2710,1530,2670,3650,2040,2160,3650,2230,1210,1900,1640,3120,1730,3400,1420,2590,1450,1120,520,1480,2920,834,1130,2770,1210,3270},
            {1550,844,2540,2170,1860,590,185,2660,1160,2180,1290,1390,2250,1540,2890,2340,2600,2770,1990,1980,2380,873,2560,1290,2170,1610,2510,650,1410,1010,1490,363,1960,601,2560,1050,1750,1150,2740,1660,2220,2660,2330,449,1790,1960,2020,2830,737,2540,2470,1720,497,1370,1800,2180,1290,2400,0,316,2830,1110,2100,1370,1320,1860,659,2560,2510,1180,1010,1770,2450,877,907,1600,555,1410,1610,2810,2610,2330,319,2240,515,1350,2250,793,1940,782,2660,2160,466,2250,2680,2810,2630,1910,2560,1800,1120,2040,1620},
            {1520,1050,2860,2410,2070,453,439,2980,1370,2390,1500,1700,2560,1750,3020,2650,2910,3080,2200,2270,2690,479,2770,1220,2480,1500,2720,904,1320,1320,1800,703,2170,707,2770,825,2070,1090,3050,1480,2430,2870,2540,703,1730,2140,1990,3140,1050,2610,2480,2030,810,1310,1770,2380,1230,2370,316,0,3110,1050,2380,1150,1530,2080,796,2840,2780,1040,1280,2010,2730,1130,1190,1880,879,1690,1820,3090,2890,2540,271,2520,199,1210,2470,736,2220,643,2930,2370,818,2460,2890,2880,2850,2190,2770,2010,1400,2250,1890},
            {3350,2430,306,1860,2670,3060,2670,1430,2670,3540,2340,1350,1180,2910,4260,848,578,606,2080,799,486,3580,3560,2910,1590,3230,3080,2520,3240,1750,1660,2510,3170,2750,2340,3600,1590,2780,1820,3750,2750,4030,3160,2530,3170,3330,3760,1130,2090,3920,3850,1110,2470,2990,3600,2240,3190,3950,2830,3110,0,2760,818,3870,1910,2330,2810,1690,1690,3330,2160,1760,1550,2560,1930,1180,2270,1360,2540,2100,896,2590,3010,515,3340,3500,2590,2980,1140,3380,1230,2970,2470,3070,3680,4160,3450,1460,3910,3010,1610,3060,1250},
            {623,436,2470,1770,1430,597,923,2590,475,1430,856,1680,2250,803,2040,2270,2530,2700,1550,2250,2320,1110,1830,169,1940,495,2070,487,510,1280,1180,1170,1220,524,2130,994,1520,73,2340,1010,1790,1920,1760,770,684,1110,1040,2770,1020,1660,1520,1780,1330,256,846,1740,461,1410,1110,1050,2760,0,2040,1090,878,1390,480,2330,2280,509,714,1350,2320,673,1180,1870,1270,1530,1100,2400,2540,1890,871,2460,1090,770,1820,334,1940,705,2590,1460,1300,1810,1930,1920,1950,1780,1810,1050,1390,1290,1880},
            {2620,1700,531,1080,1820,2330,1940,776,1900,2810,1610,649,487,2180,3530,243,595,716,1250,657,365,2850,2730,2180,866,2500,2100,1790,2510,1100,927,1830,2440,2020,1440,2870,751,2050,1160,3010,1830,3300,2340,1800,2440,2600,3030,734,1350,3190,3120,352,1790,2260,2870,1460,2460,3220,2100,2380,818,2040,0,3150,1190,1410,2080,1030,1020,2610,1440,1040,884,1840,1260,854,1590,601,1990,1430,508,1680,2290,510,2610,2780,1720,2220,328,2660,557,2250,1800,2140,2890,3440,2500,545,3190,2280,1030,2330,966},
            {699,1550,3580,2760,2020,804,1370,3650,1430,1650,1970,2790,3360,1370,2190,3390,3650,3810,2540,3500,3430,886,2260,949,3050,670,2670,1360,596,2390,2300,1610,1760,1130,2920,329,2630,1140,3340,341,2440,2130,2220,1510,1150,1320,1170,3880,1930,1780,1650,2890,1870,860,942,2470,651,1540,1370,1150,3870,1090,3150,0,1970,2410,1080,3420,3370,472,1730,2440,3410,1640,2090,2960,1810,2620,1860,3210,3630,2620,1060,3550,998,388,2400,1010,3030,598,3680,2040,1750,2400,2250,2060,2480,2870,2010,1590,2480,1800,2980},
            {1470,545,1630,915,967,1180,1090,1610,658,1570,364,863,1260,936,2280,1430,1690,1860,866,1490,1470,1770,1870,1020,1050,1340,1630,636,1350,722,286,1240,1350,858,1360,1660,619,889,1510,1860,1340,2050,1460,822,1200,1360,1780,1920,663,1940,1870,928,1100,1100,1650,1060,1310,1980,1320,1530,1910,878,1190,1970,0,731,923,1430,1380,1450,278,482,1420,580,854,1170,904,666,738,1580,1680,1200,1280,1580,1630,1620,1190,1060,1080,1390,1540,1240,1110,1360,1990,2190,1770,881,1930,1180,820,1340,1190},
            {1770,1090,2050,388,432,1720,1640,1200,911,1460,582,1260,1120,1070,2090,1420,1780,1880,171,1920,1890,2370,1320,1460,673,1860,914,1180,1900,1170,674,1860,1020,1400,748,2200,681,1350,951,2250,645,1840,924,1440,1320,1460,1880,1730,1410,1970,1980,1350,1840,1540,1850,320,1850,2080,1860,2080,2330,1390,1410,2410,731,0,1480,1010,960,1990,997,501,1070,1280,1330,1600,1660,1100,502,1010,1590,476,1840,1940,2180,2050,474,1620,1080,1950,1340,718,1870,865,1440,2120,1220,868,1580,964,1290,825,1620},
            {926,461,2520,1820,1470,359,475,2710,774,1870,904,1590,2300,1150,2420,2320,2580,2750,1600,2160,2360,869,2350,660,1990,889,2130,314,785,1190,1230,717,1570,76,2180,756,1570,527,2570,1280,1840,2360,1950,466,1170,1550,1400,2810,874,2010,1880,1820,885,704,1170,1790,662,1770,659,796,2810,480,2080,1080,923,1480,0,2380,2330,614,677,1410,2370,588,1040,1740,914,1540,1220,2800,2590,1940,501,2370,847,1040,1870,168,1990,498,2640,1770,855,1870,2300,2280,2250,1830,2170,1410,1250,1650,1750},
            {2790,2000,1410,627,1440,2630,2400,295,1910,2400,1560,1410,644,2090,3030,847,1210,1310,850,1680,1240,3280,2180,2470,398,2790,1550,2090,2810,1550,1150,2280,2040,2310,655,3170,836,2340,139,3270,1340,2780,1840,2260,2340,2480,2900,826,1810,2910,2930,1250,2240,2550,2870,977,2760,3040,2560,2840,1690,2330,1030,3420,1430,1010,2380,0,74,2900,1740,1010,168,2180,1710,1720,2050,1150,1610,370,935,972,2740,1450,3070,3080,1190,2550,951,2950,519,1770,2250,1590,2380,3060,1930,719,2610,2060,1650,1820,1730},
            {2770,1940,1400,574,1360,2570,2340,287,1840,2390,1510,1360,635,2070,3020,840,1200,1300,797,1670,1230,3230,2230,2420,345,2740,1600,2030,2750,1500,1100,2100,2020,2260,718,3110,783,2290,202,3250,1330,2770,1830,2200,2320,2460,2890,818,1760,2900,2920,1210,2190,2500,2850,960,2700,3030,2510,2780,1690,2280,1020,3370,1380,960,2330,74,0,2860,1690,962,168,2130,1670,1670,2000,1110,1560,432,935,1040,2690,1450,3020,3030,1180,2510,904,2910,520,1680,2210,1600,2390,3080,2000,672,2630,1980,1610,1780,1680},
            {381,920,3050,2350,1630,591,1060,3230,887,1330,1320,2260,2820,980,1880,2850,3110,3280,2130,2820,2890,917,1950,390,2520,352,2330,895,262,1850,1760,1300,1370,657,2510,453,2090,560,2910,630,2050,1810,1830,1050,758,1000,850,3340,1450,1470,1330,2350,1470,388,624,2060,179,1220,1180,1040,3330,509,2610,472,1450,1990,614,2900,2860,0,1290,1930,2900,1170,1620,2450,1500,2100,1460,2800,3120,2210,870,3040,1010,326,1990,486,2510,487,3160,1650,1440,1960,1940,1740,2110,2350,1690,1200,1960,1410,2460},
            {1300,308,1880,1200,1020,922,730,1920,617,1620,421,973,1570,993,2340,1680,1940,2110,1120,1540,1720,1510,1930,855,1350,1180,1680,382,1190,574,568,732,1400,604,1640,1400,924,725,1860,1690,1400,2110,1510,555,1170,1420,1720,2170,397,2000,1930,1180,832,936,1550,1310,1140,2030,1010,1280,2160,714,1440,1730,278,997,677,1740,1690,1290,0,764,1730,228,476,1160,637,930,795,1860,1940,1450,1030,1840,1380,1460,1360,809,1340,1140,1850,1300,842,1420,2040,2240,1820,1150,1990,1230,678,1400,1180},
            {1940,1020,1480,449,906,1650,1570,1190,1060,1930,728,774,836,1310,2560,1120,1540,1630,413,1430,1320,2240,1790,1490,620,1820,1340,1110,1830,785,286,1500,1490,1330,830,2130,194,1360,1030,2330,1080,2310,1400,1370,1640,1730,2210,1510,1020,2440,2450,779,1450,1580,2180,709,1780,2560,1770,2010,1760,1350,1040,2440,482,501,1410,1010,962,1930,764,0,998,1200,923,1080,1260,521,882,1090,1350,906,1750,1460,2100,2090,903,1530,663,1860,1120,1210,1460,1330,1910,2590,1690,455,2050,1350,889,1300,1100},
            {2880,1990,1270,681,1470,2620,2290,154,1940,2490,1610,1300,506,2110,3120,706,1070,1160,904,1540,1100,3270,2330,2460,452,2780,1700,2080,2800,1440,1150,2180,2130,2300,822,3160,829,2330,307,3300,1430,2880,1940,2150,2430,2570,2990,685,1700,3000,3030,1070,2130,2540,2960,1070,2750,3130,2450,2730,1550,2320,884,3410,1420,1070,2370,168,168,2900,1730,998,0,2170,1600,1610,1940,1050,1660,571,794,1170,2640,1310,2960,3070,1280,2550,683,2950,379,1780,2140,1700,2490,3170,2110,551,2730,2080,1550,1870,1620},
            {1260,263,2280,1620,1280,832,691,2400,576,1590,706,1150,1990,956,2310,2080,2340,2510,1400,1720,2120,1370,1980,814,1790,1130,1920,292,1150,750,1030,736,1380,515,1980,1310,1370,684,2230,1650,1640,2080,1750,432,1320,1380,1680,2570,491,1960,1890,1460,855,894,1480,1590,1100,2050,877,1130,2560,673,1840,1640,580,1280,588,2180,2130,1170,228,1200,2170,0,643,1340,675,1140,1030,2550,2340,1750,935,1970,1280,1420,1670,712,1570,1030,2390,1580,888,1670,2100,2230,2050,1640,1980,1220,854,1460,1350},
            {1770,769,1640,1320,1660,1230,747,1820,1080,2100,1090,565,1410,1460,2820,1440,1710,1880,1310,1130,1490,1650,2490,1320,1330,1640,2220,803,1660,166,642,594,1880,973,1740,1720,908,1190,1900,2160,1950,2590,2150,604,1740,1880,2190,1940,158,2470,2400,868,590,1400,2010,1640,1610,2560,907,1190,1930,1180,1260,2090,854,1330,1040,1710,1670,1620,476,923,1600,643,0,756,395,561,1470,1960,1710,1780,1100,1390,1370,1920,1770,1220,1100,1450,1690,1930,600,2050,2610,2730,2480,1060,2480,1720,271,1970,770},
            {2460,1460,895,1380,1990,2000,1440,1630,1860,2740,1540,314,1260,2160,3460,1090,1080,1110,1550,405,832,2350,2880,2010,1330,2330,2400,1500,2350,593,921,1290,2490,1720,1740,2460,912,1880,1900,2850,2130,3230,2480,1300,2490,2580,2880,1540,854,3170,3100,616,1290,2090,2700,1760,2300,3250,1600,1880,1180,1870,854,2960,1170,1600,1740,1720,1670,2450,1160,1080,1610,1340,756,0,1090,570,1850,1940,1280,1950,1790,664,2110,2620,1970,1910,945,2240,1410,2290,1300,2390,3000,3360,2770,1060,3110,2470,456,2380,112},
